[[-0.36842387,  0.59961924,  0.71043692, -0.24834835],
 [-0.89197191, -0.44337348, -0.08835192, -0.57171105],
 [ 0.26201138, -0.66624074,  0.69819289,  0.66957689],
 [ 0.        ,  0.        ,  0.        ,  1.        ]]

z对了，位置关系对了，xy的方向颠倒，具体值不对
 [[-0.33428461,  0.51199591,  0.79127365, -0.11105126],
 [-0.87661895, -0.47723311, -0.06154486, -0.56483672],
 [ 0.34611127, -0.71421897,  0.608357  ,  1.18484065],
 [ 0.        ,  0.        ,  0.        ,  1.        ]]

 [[-0.33802237,  0.51181094,  0.78980405, -0.11644281],
 [-0.87711307, -0.47555703, -0.06721736, -0.56225698],
 [ 0.34119429, -0.71546843,  0.60966498,  1.18474585],
 [ 0.        ,  0.        ,  0.        ,  1.        ]]

增强多张图像采集：旋转和朝向均均匀
[[-0.34176764,  0.51710203,  0.78472949, -0.11290587],
 [-0.87534861, -0.4790243 , -0.06557851, -0.56494291],
 [ 0.34199371, -0.70932447,  0.61635955,  1.1914815 ],
 [ 0.        ,  0.        ,  0.        ,  1.        ]]

修复错误：角点是内角点不是外角点
 [[-0.3041353 ,  0.47153654,  0.8277409 , -0.11117834],
 [-0.89873886, -0.43012884, -0.08519182, -0.59377345],
 [ 0.31586418, -0.76983276,  0.55460558,  1.21073668],
 [ 0.        ,  0.        ,  0.        ,  1.        ]]

修复错误：z轴相同。现在除了y轴符号是反的其他都对
 [[ 0.48464357,  0.30104656,  0.82127437,  0.28094458],
 [-0.43664927,  0.89682044, -0.07106693, -0.36154838],
 [-0.75793009, -0.32416673,  0.56609002,  0.6655738 ],
 [ 0.        ,  0.        ,  0.        ,  1.        ]]

修复错误：旋转只考虑y，不行。错误
[[-0.49460535,  0.30839117, -0.81256411, -0.21692152],
 [ 0.43741178,  0.89622052,  0.0738899 ,  0.07746639],
 [ 0.75102362, -0.31887878, -0.57816939,  1.42387582],
 [ 0.        ,  0.        ,  0.        ,  1.        ]]

现在只考虑y。不对
 [[-0.47714385,  0.29684629, -0.82717352, -0.20644662],
 [ 0.43515867,  0.89754328,  0.07108437,  0.07686767],
 [ 0.76352517, -0.32603426, -0.55743249,  1.42551488],
 [ 0.        ,  0.        ,  0.        ,  1.        ]]

0，-180，-180。3旋转
[[ 0.46539323, -0.29679976, -0.83385793,  0.2667934 ],
 [-0.42660049, -0.90067087,  0.08248637, -0.35520243],
 [-0.77551349,  0.3173356 , -0.54578104,  0.66247152],
 [ 0.        ,  0.        ,  0.        ,  1.        ]]



