{
    "rekep_state": 0,
    "joint_info": {
        "joint_positions": [
            0.020497748628258705,
            -0.5869194269180298,
            -0.017833584919571877,
            -2.518463134765625,
            0.021260758861899376,
            1.9048082828521729,
            0.01627216674387455
        ],
        "reset_joint_pos": [-3.03,
        -1.34,
        -1.91,
        -1.34,
        -4.66,
        -3.92]
       
    },
    "ee_info": {
        "position": [
            -0.29889364336352303,
            -0.08387853838147447,
            0.19628443554004027
        ],
        "orientation": [
            -0.40481085252174076,
            -0.4050894337312978,
            -0.5341771474646252,
            0.6218404131981404
        ]
    },
    "gripper_info": {
        "state": 0.0
    },
    "safety_info": {
        "collision_status": "false",
        "safety_status": "normal",
        "errors": []
    },
    "control_info": {
        "control_mode": "position",
        "operation_mode": "auto"
    },
    "misc": {
        "world2robot_homo": [
            [0.6866906421838617, -0.6037435073797501, -0.4049070748133619, -0.15916725993156433],
            [0.5689707034500121, 0.7930550601472517, -0.2175684034744878, -0.2702464461326599],
            [0.45246911557885827, -0.08097807648763168, 0.8880958566369113, 0.001058204099535942],
            [0.0, 0.0, 0.0, 1.0]

            [0.6993895737892581, -0.1362883941606989, -0.7016264659289709, -0.12531976401805878],
            [0.4476494009262003, 0.8487956268843584, 0.2813467569253335, -0.29907992482185364],
            [0.5571931782831637, -0.5108536555600701, 0.6546482297200684, 0.0686875730752945],
            [0.0, 0.0, 0.0, 1.0]

            [0.6891793018064613, -0.6035724674123699, -0.4009141635603584, -0.15931011736392975],
            [0.5659706407392597, 0.7938934742790903, -0.22228446935912285, -0.2704728841781616],
            [0.4524479238351636, -0.07371179063636038, 0.8887392464263244, 0.0009464788599871099],
            [0.0, 0.0, 0.0, 1.0]

            [0.6960605821896975, -0.59350463527985, -0.4040444453560418, -0.16149620711803436],
            [0.5635455882625068, 0.8003100080962124, -0.2047443793878242, -0.27443480491638184],
            [0.44487755154829334, -0.08518297272561165, 0.8915311689929988, 0.004996598698198795],
            [0.0, 0.0, 0.0, 1.0]
        ]
    }
}